geo_level_2_id,0,1,2
0,0.04012854950115119,0.3983361047156134,0.5615353457832354
1,0.009442011647329709,0.6073027440979226,0.3832552442547478
3,0.039742527608632026,0.7280345446985984,0.23222292769276973
4,0.011870279994555649,0.42632711703931797,0.561802602966125
5,0.043776599455801306,0.7698101858605589,0.1864132146836396
6,0.1635904323356357,0.5577833205423381,0.2786262471220261
7,0.029593788026298362,0.6102567188035999,0.3601494931701026
8,0.013957756348226493,0.8377022101226541,0.14834003352911926
9,0.00594497029646682,0.2779091758341037,0.7161458538694317
10,0.021003241111555725,0.8126866629204413,0.1663100959680018
11,0.02822911677762103,0.8180695206021414,0.15370136262023565
12,0.0687917991448306,0.5019095128458136,0.42929868800935567
13,0.009535496911164627,0.6159604650532514,0.3745040380355841
14,0.694190473545973,0.21675686022369395,0.08905266623033312
15,0.07408347600212527,0.6302615266544659,0.29565499734340867
16,0.04586119942988708,0.6965111038019709,0.2576276967681419
17,0.07408347600212527,0.5917999881929275,0.33411653580494716
18,0.2508178526742946,0.6965086199397452,0.05267352738595959
19,0.04012854950115119,0.7855835794630882,0.17428787103576052
20,0.015048206062931677,0.7298934487876152,0.2550583451494528
21,0.03135399295415997,0.34371371438329246,0.6249322926625444
22,0.016604917034959116,0.8048130751799988,0.17858200778504177
23,0.013957756348226493,0.4430160970045206,0.543026146647253
24,0.02348988263482021,0.7511014556311364,0.22540866173404342
25,0.04815425940138142,0.6168128494682601,0.33503289113035856
26,0.015533632064961748,0.8202726002732486,0.1641937676617901
27,0.009827399877832958,0.5185060536417055,0.47166654648046025
28,0.04815425940138142,0.6334795161349267,0.31836622446369184
29,0.012672173526679344,0.6547032297994119,0.3326245966739084
30,0.055516892154467756,0.20744786654538477,0.7370352413001499
31,0.008448115684452893,0.3483222004996586,0.6432296838158899
32,0.027516719657932235,0.8176655658426075,0.1548177144994606
33,0.22269282425172676,0.5308374904067537,0.24646968534151958
34,0.04901289061940328,0.8609323260467677,0.09005478333382894
35,0.05068869410671729,0.5787879618462888,0.37052334404699394
36,0.6273926361030301,0.29489123671946565,0.07771612717750333
37,0.014816695200425055,0.6383744191367218,0.34680888566285306
38,0.014374405791457132,0.28383172852721505,0.7017938656813282
39,0.4966952805462966,0.4691062540686894,0.03419846538501333
40,0.01958885397510339,0.7296722765883906,0.25073886943650453
41,0.008917455444700248,0.08675648614520563,0.9043260584100943
42,0.0267523663341008,0.8253572295070365,0.14789040415886306
43,0.11090435990205752,0.633450279574608,0.2556453605233344
44,0.04815425940138142,0.5781223732777837,0.37372336732083467
45,0.07408347600212527,0.6687230651160044,0.25719345888187023
46,0.07272131610686362,0.7327964230211155,0.19448226087202095
47,0.0687917991448306,0.6923857033220041,0.23882249753316523
48,0.007408347600212503,0.5127942923272025,0.47979736007258406
49,0.005380364178925292,0.33529577502649366,0.6593238607945815
50,0.12642749672497083,0.6598321728990089,0.21374033037602064
51,0.022624849176667187,0.07810923475381462,0.899265916069517
52,0.011889940592933688,0.27541577327757505,0.712694286129491
53,0.12757880674227565,0.6496333248060032,0.22278786845172116
54,0.031367291265651825,0.7942752508648172,0.17435745786953036
55,0.020302874033337675,0.7631938274384386,0.21650329852822425
56,0.060192824251726784,0.7308374904067536,0.20896968534151958
57,0.3883479250327793,0.4761709479391185,0.13548112702810183
58,0.01416301747099455,0.8708681055009864,0.11496887702801896
59,0.15100655292520218,0.5148769112698505,0.33411653580494716
60,0.01965479975566587,0.8179940060841014,0.1623511941602329
61,0.11992200891970653,0.746337392461721,0.13374059861857251
62,0.028326034941989073,0.6911388816282238,0.28053508342978734
63,0.07408347600212527,0.6687230651160044,0.25719345888187023
64,0.2767158247788565,0.5310644522667325,0.19221972295441186
65,0.26755870136289506,0.6033332539704896,0.12910804466661513
66,0.02534262911459384,0.641229171436837,0.3334281994485684
67,0.04815425940138142,0.5664160240714345,0.38542971652718394
68,0.02602932940615211,0.7176330379161898,0.2563376326776578
69,0.1389217549073435,0.7226320847423661,0.13844616035029045
70,0.16191992323064067,0.6881546924991171,0.14992538427023888
71,0.04276411981932626,0.7060851543286304,0.2511507258520429
72,0.007133964355760198,0.8519938556328367,0.14087218001140508
73,0.10752113056290048,0.7626564836129075,0.1298223858241928
74,0.06795571672039351,0.8263073196173607,0.10573696366224862
75,0.09630851880276285,0.5693399846508057,0.3343514965464313
76,0.03814943406070298,0.7848616095472104,0.17698895639208154
79,0.08633738990607755,0.32094421037793475,0.5927183997159878
80,0.00852287777015601,0.1866616536588323,0.8048154685710124
81,0.08482964482800029,0.7633204944807289,0.15184986069127057
82,0.11641084676387822,0.6447666557029564,0.23882249753316523
83,0.008302458517479565,0.6021150570730225,0.38958248440949667
84,0.06091054009007732,0.6081206406169783,0.33096881929294614
85,0.0642056792018419,0.44067110087831496,0.49512321991984304
87,0.060504009652977545,0.33232546691221376,0.6071705234348105
88,0.005291676857294678,0.2133827692507296,0.7813255538919769
89,0.012507599844514659,0.7873444765772468,0.20014792357823807
90,0.016303758950515487,0.6223434560914551,0.3613527849580279
91,0.010583353714589318,0.5093394487149092,0.4800771975705014
92,0.0267523663341008,0.5530506460549417,0.42019698761095753
93,0.04114779382931678,0.7751673508529169,0.18368485531776632
94,0.0188840232946594,0.4040451582806764,0.5770708184246639
95,0.03877657672829414,0.08269356693465361,0.878529856337054
96,0.01416301747099455,0.4580214382786663,0.5278155442503387
97,0.101511237222782,0.6055813985865514,0.2929073641906665
98,0.009350341631336192,0.4626195155623137,0.5280301428063494
99,0.020980648727268972,0.7462261114713721,0.2327932398013587
100,0.09630851880276285,0.5693399846508057,0.3343514965464313
101,0.060192824251726784,0.6870874904067535,0.2527196853415196
102,0.14167300810188835,0.7278036633288847,0.13052332856922655
103,0.025344347053358644,0.40672359969651845,0.5679320532501227
104,0.011406875829803638,0.49261795030576383,0.49597517386443196
105,0.01461329960799198,0.09541490824809169,0.8899717921439151
106,0.13519282425172677,0.4433374904067536,0.42146968534151963
107,0.03673549292671065,0.635336479778858,0.3279280272944349
108,0.012489332423474372,0.7619225889809196,0.225588078595606
109,0.08230294989121782,0.7922211543191616,0.1254758957896204
110,0.04426722062192333,0.9180611071886031,0.03767167218947495
111,0.011045752067586229,0.32137102405847034,0.6675832238739445
112,0.09630851880276285,0.5693399846508057,0.3343514965464313
113,0.09630851880276285,0.5693399846508057,0.3343514965464313
114,0.04187326904467949,0.7689159353554227,0.18921079559989773
116,0.0188840232946594,0.7191257328184546,0.26199024388688597
117,0.09723213610892639,0.7984208828573754,0.10434698103369833
118,0.0185208690005313,0.8019265648352832,0.1795525661641851
119,0.052561669611464426,0.8127476409661136,0.13469068942242393
120,0.014374405791457132,0.8015416584780178,0.18408393573052428
121,0.05350473266820159,0.5861412613139396,0.3603540060178587
122,0.16940534978907962,0.70230713158572,0.12828751862520088
123,0.010944149863950318,0.16718597004260743,0.8218698800934424
124,0.0363654155710269,0.8237009008500793,0.139933683578894
125,0.05665206988397815,0.7466705792063565,0.1966773509096655
126,0.015287066476629028,0.15505427415122988,0.8296586593721398
127,0.043345017024307875,0.8346918054945405,0.12196317748115067
128,0.08753635173736725,0.41323064288969036,0.49923300537294246
129,0.018398261757608073,0.6617310976633523,0.3198706405790396
130,0.04187326904467949,0.5822778150216502,0.37584891593367015
131,0.03776956321138237,0.5492751739814337,0.41295526280718636
132,0.09654538554308317,0.4579557740801024,0.44549884037681425
133,0.043776599455801306,0.804245447568548,0.15197795297565062
134,0.006253799922257305,0.21924746492502342,0.7744987351527182
135,0.07408347600212527,0.43795383434677365,0.48796268965110107
136,0.2730996146868617,0.5828113304652447,0.1440890548478946
137,0.09630851880276285,0.5693399846508057,0.3343514965464313
138,0.012709152782001682,0.2803021822148375,0.7069886650031595
139,0.013957756348226493,0.6796164657121425,0.30642577793963066
140,0.005095688825543009,0.5324424509210515,0.4624618602534056
141,0.009000796149790909,0.7894638482887038,0.20153535556150626
142,0.004721005823664856,0.1353579576243135,0.859921036552019
143,0.05665206988397815,0.7466705792063565,0.1966773509096655
144,0.013131291993049073,0.677619561210209,0.3092491467967413
145,0.012672173526679344,0.26872088949487,0.7186069369784506
146,0.02049117421335379,0.6725733561537947,0.30693546963285123
147,0.22321740607781224,0.6154580582144166,0.1613245357077689
148,0.025676983713954746,0.6544406499678961,0.3198823663181494
149,0.1224178452414296,0.6453871694353526,0.23219498532321786
150,0.05665206988397815,0.6584352850887092,0.28491264502731256
151,0.3222144028820578,0.4514952964062677,0.22629030071167816
152,0.04749066432451278,0.7817590848647354,0.17075025081075126
153,0.15100655292520218,0.5148769112698505,0.33411653580494716
154,0.0642056792018419,0.6351155453227594,0.3006787754753987
155,0.03141612316189084,0.12771989085915306,0.8408639859789556
156,0.009260434500265672,0.10109718189629913,0.8896423836034373
157,0.22652280843365075,0.6336031800719993,0.13987401149435172
158,0.20833852435155029,0.6944431290759537,0.0972183465725011
159,0.08158477845738013,0.6676963740758829,0.25071884746673695
160,0.1635904323356357,0.47444998720900483,0.3619595804553595
161,0.016604917034959116,0.3122057113972323,0.6711893715678081
162,0.2409306989285583,0.5437313873241206,0.21533791374732117
163,0.02093663452233974,0.8139558972843367,0.1651074681933237
164,0.13878404008970088,0.5583306149132874,0.3028853449970125
165,0.5979937390260309,0.32510919924658876,0.07689706172738019
166,0.05665206988397815,0.3682392066573367,0.5751087234586851
167,0.03783345227654884,0.6072427949301806,0.3549237527932704
168,0.08025709900230238,0.5577833205423381,0.3619595804553595
169,0.04587339949141501,0.7735217085017163,0.1806048920068691
170,0.18887370403039308,0.708133466333951,0.10299282963565538
171,0.03649770044223855,0.7085468749007633,0.2549554246569962
172,0.024079436090929277,0.26304378442315296,0.7128767794859178
173,0.5983534735059747,0.37212995001894905,0.029516576475078476
174,0.16613961091138266,0.7277247330597197,0.10613565602889898
175,0.04581949467059825,0.7389306062653926,0.21524989906400951
176,0.07021962477652963,0.6371997320092213,0.292580643214249
177,0.012841135840368388,0.9156011927803073,0.07155767137932394
178,0.015452388072191035,0.5866317504017116,0.3979158615260959
179,0.10332027305408571,0.668073676132003,0.22860605081391125
180,0.09630851880276285,0.5693399846508057,0.3343514965464313
181,0.039639230089349525,0.6397249329308679,0.32063583697979364
182,0.08025709900230238,0.6411166538756715,0.2786262471220261
183,0.07154040140657077,0.8131659790946596,0.11529361949876946
184,0.0687917991448306,0.6923857033220041,0.23882249753316523
185,0.038523407521105155,0.6251718912962196,0.3363047011826751
186,0.09630851880276285,0.5693399846508057,0.3343514965464313
187,0.05135721874898056,0.6075651866428122,0.3410775946082063
188,0.02140189306728065,0.8157507658198374,0.1628473411128821
189,0.23974976162236333,0.5283024346819436,0.23194780369569326
190,0.1768520416936324,0.75832027946852,0.06482767883784686
191,0.05677722955987315,0.8413820607070763,0.10184070973305313
192,0.044313443863224354,0.8540988963608278,0.10158765977594895
193,0.014816695200425055,0.6671493952651923,0.3180339095343821
194,0.02407712970069072,0.6448053518939268,0.3311175184053828
195,0.28337189236959,0.5416753877997161,0.1749527198306937
196,0.275316790312953,0.5017822119894261,0.2229009976976209
197,0.03246750926856327,0.8546018767113099,0.11293061402012906
198,0.02760551533382445,0.17894445227916708,0.7934500323870062
199,0.5078878779411634,0.4463105471894629,0.04580157486937418
200,0.060192824251726784,0.6058374904067537,0.33396968534151955
201,0.060192824251726784,0.5183374904067536,0.42146968534151963
202,0.04586119942988708,0.6950560773469445,0.2590827232231684
203,0.3915518705196998,0.4524544240081269,0.1559937054721736
204,0.05116624356721186,0.6757526375322382,0.2730811189005499
205,0.04012854950115119,0.5185802124597212,0.44129123803912745
206,0.07512285744524513,0.38462938066352564,0.5402477618912312
207,0.0642056792018419,0.6517822119894261,0.284012108808732
208,0.019860855616828686,0.89289388809108,0.08724525629209139
209,0.06391590960357997,0.7526586027657827,0.1834254876306376
210,0.22334386321026706,0.659738508645013,0.11691762814471895
211,0.1410538223501388,0.7413601593767565,0.11758601827310441
212,0.035697331363189186,0.7784449945284927,0.18585767410831805
213,0.026851667307211193,0.7018443245599851,0.27130400813280425
214,0.2773858925624014,0.6044801828071864,0.11813392463041149
215,0.3620088622043958,0.5779657092499494,0.060025428545654805
216,0.06035266309278747,0.453477871893842,0.4861694650133689
217,0.01591983194489893,0.7416082970758391,0.24247187097926118
218,0.035356644725491666,0.49840761135044515,0.46623574392406353
219,0.022624841074161788,0.8653249178676172,0.11205024105821813
220,0.08025709900230238,0.5577833205423381,0.3619595804553595
221,0.008025709900230224,0.6765751156799641,0.31539917441980436
222,0.03320983406991822,0.7532585775036885,0.2135315884263936
223,0.44155422467120786,0.4056943473772769,0.15275142795151572
224,0.09630851880276285,0.5693399846508057,0.3343514965464313
225,0.04014273990048253,0.12438007601668571,0.835477184082833
226,0.0954053489200746,0.7887361583159737,0.11585849276395147
227,0.2207217904334188,0.5935487378046629,0.1857294717619181
228,0.031067264129923514,0.7411849412852058,0.22774779458487032
229,0.01532297474804983,0.09646223374686948,0.8882147915050835
230,0.2524200038818502,0.6482384849632302,0.09934151115492083
231,0.07408347600212527,0.6687230651160044,0.25719345888187023
232,0.035885823870727585,0.8886656689031721,0.07544850722609978
233,0.011468441157527483,0.19061466193707874,0.7979168969053902
234,0.03566982177880106,0.7282455783606975,0.23608459986050168
236,0.12428533718385781,0.7051680844119486,0.17054657840419377
237,0.06081536637422938,0.6772855752687363,0.26189905835703436
238,0.022090586105427024,0.7154676266762414,0.26244178721833233
239,0.03506239264396869,0.3925326947078462,0.5724049126481857
240,0.008302458517479565,0.8778755581379681,0.11382198334455305
241,0.3642056792018419,0.4128933231005371,0.2229009976976209
242,0.04815425940138142,0.4971699923254029,0.4546757482732158
243,0.09630851880276285,0.5693399846508057,0.3343514965464313
244,0.16124926975353127,0.6436787065538538,0.1950720236926159
245,0.0185208690005313,0.80564230474054,0.17583682625892905
246,0.05062954022954906,0.8417243849452983,0.1076460748251522
247,0.08051316821178908,0.3949083252993003,0.5245785064889106
248,0.3655823717646635,0.37457531652102893,0.2598423117143077
249,0.09630851880276285,0.5693399846508057,0.3343514965464313
250,0.09630851880276285,0.5693399846508057,0.3343514965464313
251,0.19458439031006222,0.7494071055162237,0.05600850417370996
252,0.03239802748628534,0.8248432900773655,0.1427586824363495
253,0.09630851880276285,0.5693399846508057,0.3343514965464313
254,0.08706073464480467,0.7053380598639705,0.2076012054912267
255,0.1724736526732233,0.6575404164586482,0.16998593086812594
256,0.049915284763239205,0.19257620643778417,0.7575085087989787
257,0.32973889357726266,0.5861274340386624,0.0841336723840745
258,0.04936698808019427,0.04167614506860444,0.9089568668512019
259,0.06109815354124396,0.6207218547584592,0.3181799917002968
260,0.4268971613936976,0.5078375242007858,0.06526531440551578
261,0.05091359186380217,0.8263904116187655,0.12269599651743301
262,0.037301194086534734,0.6677544095278398,0.29494439638562675
263,0.00621345282598471,0.15189901842266612,0.8418875287513492
264,0.388248799680634,0.559393667246503,0.052357533072865836
265,0.034395899572415296,0.696329322333187,0.26927477809439765
266,0.05328195553177561,0.9070033111372686,0.03971473333095437
267,0.20467328714060457,0.7248067970078135,0.07051991585158093
268,0.02711898792940648,0.4236379201539806,0.5492430919166109
269,0.008548847752062645,0.6523468492927932,0.3391043029551511
270,0.40838893022018136,0.5161750846376814,0.07543598514213783
271,0.06949600199408332,0.6846517897553965,0.24585220825051973
272,0.09630851880276285,0.5693399846508057,0.3343514965464313
273,0.05873095289634043,0.8483041846232559,0.0929648624804035
274,0.00883564392685898,0.6046606901937925,0.3865036658793475
275,0.033331748124232626,0.4669636350821928,0.4997046167935708
276,0.008676443135384047,0.1322887930849314,0.8590347637796824
277,0.04815425940138142,0.7382414208968314,0.21360431970178712
278,0.09630851880276287,0.5693399846508058,0.3343514965464313
279,0.04586119942988708,0.7089827591307691,0.2451560414393437
280,0.08698664418905848,0.7911713980037409,0.12184195780720107
281,0.1428413071073665,0.7743361175999003,0.08282257529273364
282,0.010137738821343471,0.16466997384742854,0.8251922873312276
283,0.27630337630063545,0.5161067198261584,0.2075899038732061
284,0.0585959485082733,0.7979438469210103,0.14346020457071634
285,0.0642056792018419,0.7128933231005372,0.2229009976976209
286,0.14185944523626798,0.709860227511801,0.14828032725193124
287,0.06860077755228745,0.5568230249778622,0.37457619746985205
288,0.04586119942988708,0.766484648775516,0.18765415179459694
289,0.009260434500265672,0.35395876321132963,0.6367808022884032
290,0.05068869410671729,0.7733368340267398,0.1759744718665428
291,0.15149395245327701,0.6541750523715217,0.1943309951752009
292,0.05009653374964198,0.790822315221139,0.15908115102921982
293,0.05068869410671729,0.6859308189891459,0.26338048690413685
294,0.07408347600212527,0.43795383434677365,0.48796268965110107
296,0.04539940651318694,0.506285190699635,0.4483154027871775
297,0.04815425940138142,0.7332811034365141,0.21856463716210453
298,0.02602932940615211,0.6333634713475254,0.34060719924632243
299,0.05350473266820159,0.7607444359171143,0.18575083141468407
300,0.009827399877832958,0.306155704096302,0.6840168960258647
301,0.22792962984827914,0.5148769112698506,0.25719345888187023
302,0.1718360584215875,0.6159585288806487,0.21220541269776266
303,0.010008879628696324,0.13471454639208155,0.8552765739792225
304,0.0687917991448306,0.6447666557029565,0.2864415451522129
305,0.10820995195270611,0.8387183819288127,0.0530716661184812
306,0.031454456062931714,0.10536562260168839,0.8631799213353802
307,0.07746876357774285,0.7168902670053859,0.20564096941687124
308,0.32051059197546944,0.6183898407806978,0.061099567243832066
309,0.02348988263482021,0.7467495897522288,0.22976052761295077
310,0.08314225734978724,0.7890011418869531,0.1278566007632536
311,0.35044488653389816,0.5603487523239025,0.08920636114219821
312,0.03320983406991822,0.7744850521784388,0.19230511375164297
313,0.014020912942764375,0.498161311808674,0.48781777524856296
314,0.03431567312422888,0.9002341215879183,0.06545020528785224
315,0.07408347600212527,0.5917999881929275,0.33411653580494716
316,0.07043443987675248,0.620376903825356,0.3091886562978915
317,0.08025709900230238,0.6411166538756715,0.2786262471220261
318,0.08025709900230238,0.6411166538756715,0.2786262471220261
319,0.09630851880276285,0.5693399846508057,0.3343514965464313
320,0.22792962984827914,0.5148769112698506,0.25719345888187023
321,0.014037306876230594,0.24329191817320783,0.7426707749505594
322,0.0755931043228299,0.6679053524197516,0.2565015432574174
323,0.7310909407155445,0.22031465319324106,0.048594406091217075
324,0.013758359828966117,0.49868557293165594,0.48755606723937805
325,0.08025709900230238,0.47444998720900483,0.4452929137886928
326,0.3545865857808677,0.5169582149307708,0.12845519928836177
327,0.02052792212554974,0.8176796006964818,0.1617924771779679
328,0.022417174007026135,0.8838653094188957,0.09371751657407966
329,0.031067264129923514,0.6981267502668634,0.2708059856032133
330,0.08025709900230238,0.5577833205423381,0.3619595804553595
331,0.09486808961660928,0.5686153469408088,0.336516563442582
332,0.060192824251726784,0.5995874904067536,0.34021968534151964
333,0.007351795328455195,0.7504767924081038,0.24217141226344063
334,0.009827399877832958,0.8232079422023036,0.1669646579198628
335,0.01965479975566587,0.7834962553709125,0.19684894487342128
336,0.01887466798475258,0.37847120306097287,0.6026541289542711
337,0.02068160295907091,0.5156159518068544,0.46370244523407056
338,0.20716075495959158,0.7132317458626871,0.07960749917772172
339,0.3057847457379122,0.48354947341367727,0.21066578084841053
340,0.04815425940138142,0.5989557066111171,0.35289003398750135
341,0.1635904323356357,0.5577833205423381,0.2786262471220261
342,0.13417755629837044,0.6749401145927959,0.1908823291088335
343,0.015653413248064865,0.1315755364849757,0.8527710502669608
344,0.09630851880276285,0.5693399846508057,0.3343514965464313
345,0.022836118675465412,0.1365521156780735,0.8406117656464603
346,0.05350473266820159,0.6496333248060031,0.29686194252579523
347,0.009172239885977403,0.07247682393499753,0.9183509361790251
348,0.06609864640988265,0.5806347782919693,0.3532665752981483
349,0.013758359828966117,0.6972749309092571,0.2889667092617772
350,0.030149825404199818,0.835153241749913,0.13469693284588785
351,0.3086501236462863,0.37955998976720384,0.31178988658650975
352,0.008968706203778685,0.7707547577501918,0.22027653604602965
353,0.014374405791457132,0.7589359127176039,0.22668968149093865
354,0.12037756008005658,0.6829450890102778,0.1966773509096655
355,0.07673139645965722,0.780325668905376,0.14294293463496746
356,0.1227384160272156,0.6657535700881325,0.21150801388465254
357,0.11323918691794065,0.715464464451513,0.17129634863054616
358,0.20508650114325827,0.5932242376686541,0.20168926118809
359,0.20553618053343958,0.6352488211111168,0.15921499835544345
360,0.05068869410671729,0.6624345783876422,0.2868767275056406
361,0.09630851880276285,0.5693399846508057,0.3343514965464313
362,0.09630851880276285,0.5693399846508057,0.3343514965464313
363,0.0813542998733747,0.3101766068572424,0.6084690932693727
364,0.015287066476629028,0.6455199812836033,0.33919295223976736
365,0.03210283960092096,0.8218312769348843,0.14606588346419508
366,0.07779785646368864,0.8478393850805586,0.0743627584557508
367,0.01754374478826015,0.14150465039663412,0.8409516048151052
368,0.00875531989116027,0.7857542402966152,0.205490439812225
369,0.014175783965778467,0.8978992324685303,0.08792498356569158
370,0.10394282425172678,0.6433374904067536,0.2527196853415196
371,0.048116357663152476,0.4395643541401285,0.5123192881967193
372,0.0687917991448306,0.6923857033220041,0.23882249753316523
373,0.29476999867841086,0.5546188599466824,0.1506111413749075
374,0.03174129250372866,0.45512080903150204,0.5131378984647684
375,0.043776599455801306,0.5269727202958207,0.4292506802483778
376,0.06563156966047377,0.7036179326902517,0.2307504976492745
377,0.08025709900230238,0.6411166538756715,0.2786262471220261
378,0.0727441098595275,0.7558276468007116,0.1714282433397602
379,0.02602932940615211,0.7002518941048407,0.27371877648900744
380,0.09090744679497918,0.8255361723081464,0.08355638089687373
381,0.3576727599204369,0.542819371444802,0.09950786863476078
382,0.025344347053358644,0.20219745553409835,0.7724581974125434
383,0.02918439963720087,0.7524382196974797,0.21837738066531948
384,0.11057685163954478,0.7942860703926353,0.09513707796781802
385,0.07743807885060136,0.8234263496012681,0.0991355715481272
386,0.0792404486827613,0.7295455129939653,0.19121403832327344
387,0.08025709900230238,0.6411166538756715,0.2786262471220261
388,0.05407613728035312,0.8066849441918865,0.13923891852775896
389,0.010468317261169893,0.5728801513106757,0.4166515314281547
390,0.08137958764521332,0.48980969660308354,0.42881071575170093
391,0.02469449200070842,0.7187929142572274,0.25651259374206425
392,0.09630851880276285,0.5693399846508057,0.3343514965464313
393,0.0687917991448306,0.6923857033220041,0.23882249753316523
394,0.033644004056787226,0.66853617362375,0.2978198223194624
395,0.019434288445399475,0.42586237775355873,0.5547033338010415
396,0.011288824547320105,0.6877827834033289,0.3009283920493517
397,0.11798696879483296,0.76276795943741,0.119245071767757
398,0.020630073544492953,0.8324648110818365,0.14690511537366951
399,0.008856938675499372,0.1547221248421887,0.8364209364823131
400,0.06826040744511533,0.31030338967799936,0.6214362028768854
402,0.025344347053358644,0.7464745820423104,0.22818107090433087
403,0.05350473266820159,0.6369349121075906,0.3095603552242079
404,0.043776599455801306,0.6362013704335618,0.3200220301106369
405,0.05423512010041833,0.7175311846822409,0.2282336952173407
406,0.0642056792018419,0.7128933231005372,0.2229009976976209
407,0.06362644954171907,0.7325661467336572,0.20380740372462355
408,0.035493421712499584,0.29753930240889653,0.6669672758786036
409,0.012841135840368388,0.10261240244456202,0.8845464617150709
411,0.043776599455801306,0.7622344282848014,0.19398897225939712
412,0.00852287777015601,0.4232947329663876,0.5681823892634563
413,0.08025709900230238,0.5577833205423381,0.3619595804553595
414,0.009085709321015377,0.7860338077203818,0.20488048295860373
415,0.02188829972790064,0.4633899414151279,0.5147217588569714
416,0.09770185545849132,0.6767670613569999,0.22553108318450898
417,0.028027196566731725,0.30394833948271816,0.6680244639505458
418,0.043096244492887216,0.8382326750561224,0.11867108045099058
419,0.07013278368120231,0.7238584852986885,0.20600873102010944
420,0.16228665851288476,0.6737721468836483,0.16394119460346723
421,0.011772840576938986,0.11054080134771443,0.8776863580753494
422,0.019099616671576582,0.39213187784722014,0.5887685054812047
423,0.018072942632792466,0.5281921675187908,0.45373488984841653
424,0.14578298983170362,0.7065935103614256,0.147623499806871
425,0.034395899572415296,0.5327063381744886,0.4328977622530963
426,0.013564580113065187,0.47200063537835085,0.5144347845085838
427,0.05350473266820159,0.7607444359171143,0.18575083141468407
428,0.26976123475739744,0.5073377675449816,0.2229009976976209
429,0.1794682877323666,0.655657135232302,0.1648745770353314
430,0.009758734504536591,0.7577448902226372,0.23249637527282296
431,0.08728389706400316,0.7219352590269202,0.19078084390907646
432,0.3724348658224787,0.5337734732038325,0.09379166097368874
433,0.02300159209849506,0.40865547114138573,0.5683429367601187
434,0.0642056792018419,0.5017822119894261,0.434012108808732
435,0.2514357827728682,0.6643652453702631,0.08419897185686684
436,0.05068869410671729,0.7733368340267398,0.1759744718665428
437,0.0642056792018419,0.5017822119894261,0.434012108808732
438,0.015267665327824753,0.19562470599739282,0.7891076286747818
439,0.13410305027613503,0.5623568537161603,0.30354009600770476
440,0.01606383765659427,0.39843090734443026,0.5855052549989762
441,0.09630851880276285,0.5693399846508057,0.3343514965464313
442,0.05068869410671729,0.629539841545537,0.31977146434774584
443,0.10857813578232521,0.7435033568300685,0.14791850738760584
444,0.09630851880276285,0.5693399846508057,0.3343514965464313
445,0.21734909104591957,0.5907953784903717,0.1918555304637051
446,0.0163670625374361,0.12110029653766563,0.8625326409248967
447,0.07130331779063115,0.5975757303975335,0.3311209518118339
448,0.07408347600212527,0.5917999881929275,0.33411653580494716
449,0.02730055763064057,0.7916695782270287,0.18102986414233174
450,0.008025709900230224,0.7133482325059254,0.27862605759384573
451,0.29104141541497647,0.6016207104484157,0.10733787413660784
452,0.053824625526664095,0.8210259896576038,0.12514938481573218
453,0.04449101001373869,0.671795008556147,0.2837139814301123
454,0.01416301747099455,0.7919503440034097,0.19388663852559543
455,0.028253200366671196,0.7766599832036425,0.1950868164296869
456,0.0267523663341008,0.7617175650218679,0.21153006864403154
457,0.021608189195604987,0.8064269563231958,0.17196485448120005
458,0.04187326904467949,0.6628223912184004,0.2953043397369201
459,0.34140456090340987,0.45815371121587517,0.20044172788071474
460,0.2155395441790069,0.54335579912171,0.24110465669928421
461,0.04586119942988708,0.46357459586546296,0.49056420470464984
462,0.1284344368054453,0.702562234137831,0.1690033290567236
463,0.2000316651969261,0.4187049407295244,0.38126339407355214
464,0.01802743756852759,0.8013414189548664,0.18063114347660422
465,0.04187326904467949,0.6657585854589423,0.2923681454963781
466,0.02121133735786252,0.11098673706635566,0.8678019255757816
467,0.038523407521105155,0.7663373924617208,0.19513920001717397
468,0.028326034941989073,0.8480514918735603,0.12362247318445092
469,0.034395899572415296,0.3071818626500131,0.6584222377775715
470,0.05665206988397815,0.5849058733240033,0.3584420567920185
471,0.014383827911399156,0.5603034489255692,0.42531272316303065
472,0.05665420831660207,0.7520185895485434,0.19132720213485463
473,0.05455167616934414,0.6946835970627309,0.2507647267679253
474,0.007296099909300223,0.8938264618681948,0.09887743822250626
475,0.0823719675693389,0.7075046877206218,0.21012334471003963
476,0.028326034941989073,0.6934305103540171,0.27824345470399375
477,0.004675170815668121,0.07669672454812558,0.9186281046362016
478,0.10042339740516365,0.6731881896210895,0.2263884129737468
479,0.015287066476629028,0.8201518914739231,0.16456104204944885
480,0.6273815422692026,0.31299748891919876,0.05962096881159866
481,0.06597916440600973,0.7707853047575108,0.16323553083647938
482,0.03320983406991822,0.6504537420416517,0.31633642388843
483,0.043776599455801306,0.7587909021140024,0.19743249843019609
484,0.02821414866768617,0.7453982987500445,0.22638755258226892
485,0.10906028822375712,0.5940777692504475,0.2968619425257952
486,0.06887286558502853,0.8045956348328033,0.1265314995821684
487,0.006507332351538021,0.2717031090107388,0.7217895586377225
488,0.07515824627846213,0.8138845975862875,0.11095715613524797
489,0.2757943117798301,0.5737346609514515,0.15047102726871825
490,0.025134381156097074,0.16584622847173305,0.8090193903721673
491,0.11581889815713371,0.7833419642129913,0.10083913762987559
492,0.055609553643670116,0.7657226955676582,0.17866775078867164
493,0.07408347600212527,0.6687230651160044,0.25719345888187023
494,0.09630851880276285,0.5693399846508057,0.3343514965464313
495,0.045186709768444216,0.2845569221432612,0.670256368088294
496,0.07099172848980982,0.7147799948836023,0.21422827662658822
497,0.0676690015626789,0.8131845192240212,0.11914647921329964
498,0.09630851880276285,0.5693399846508057,0.3343514965464313
499,0.05365601461310979,0.7738204318569314,0.1725235535299597
500,0.10262479266246724,0.7555110713470348,0.14186413599049696
501,0.010371712471396588,0.4787188327496661,0.5109094547789415
502,0.0267523663341008,0.7073212750933731,0.26592635857252644
503,0.11431880503958397,0.8021142156961371,0.08356697926427849
505,0.09630851880276285,0.5693399846508057,0.3343514965464313
506,0.18097763415576246,0.6734066851988628,0.1456156806453741
507,0.09506754863623629,0.6722480652532181,0.23268438611054554
508,0.4939723115209077,0.4492228529278214,0.05680483555127071
509,0.09630851880276285,0.5693399846508057,0.3343514965464313
510,0.03210283960092096,0.7921609472645545,0.17573621313452478
511,0.08922977399860983,0.7941120979742724,0.11665812802711736
512,0.029396743615862853,0.5084405997572068,0.46216265662693096
513,0.017197949786207666,0.8879456870143491,0.09485636319944372
514,0.05067054171920063,0.8788220017496277,0.0705074565311729
515,0.09630851880276285,0.5693399846508057,0.3343514965464313
516,0.006596473890600171,0.8135561285532907,0.17984739755610968
517,0.11356338856750046,0.6827473084024589,0.2036893030300388
518,0.06538107475367645,0.7953058016853103,0.13931312356101302
519,0.025606954954699956,0.42505617793245454,0.5493368671128456
520,0.31019282425172673,0.39333749040675364,0.2964696853415196
521,0.02319204809421114,0.8448229418021582,0.13198501010362962
522,0.125316790312953,0.6517822119894261,0.2229009976976209
523,0.12008355913355384,0.5277237537984855,0.3521926870679602
524,0.08025709900230238,0.47444998720900483,0.4452929137886928
525,0.02918439963720087,0.7141297144772096,0.2566858858855895
526,0.009630851880276268,0.7282987466306086,0.262070401489116
527,0.009827399877832958,0.8517918903565608,0.13838070976560626
528,0.05068869410671729,0.5035999919214768,0.44571131397180597
529,0.004397649260400118,0.8922569983308156,0.10334535240878812
530,0.2065754851441728,0.6068285641194313,0.18659595073639582
531,0.12595942413237132,0.7777821152962047,0.0962584605714242
532,0.060192824251726784,0.6558374904067535,0.28396968534151956
533,0.04490449161444929,0.37962112185407443,0.5754743865314699
534,0.010700946533640312,0.40643701318459347,0.5828620402817672
535,0.05498193809892081,0.7429193274593998,0.2020987344416795
536,0.06690192329226977,0.8259281525778585,0.10716992412987224
537,0.052734698269384775,0.6403637212621872,0.306901580468428
539,0.032842312106329055,0.8492550078542191,0.1179026800394492
540,0.022397329954130903,0.7809799095405655,0.19662276050530356
541,0.0642056792018419,0.7128933231005372,0.2229009976976209
542,0.1034955146044939,0.6869576995728184,0.2095467858226876
543,0.04012854950115119,0.28444721582672466,0.6754242346721243
544,0.059697466554944734,0.7129314040246396,0.22737112942041598
545,0.03815819982377632,0.8306303725257073,0.13121142765051558
546,0.04924278635576894,0.8272983535472463,0.12345886009698075
547,0.00655159991855528,0.7935658412848026,0.1998825587966423
548,0.015095217360477635,0.48071033894030957,0.5041944436992202
549,0.016604917034959116,0.8076167374797647,0.17577834548527635
550,0.0370755565744054,0.8172951253572898,0.14562931806830504
551,0.021549534495580433,0.5334959429547405,0.44495452254967854
552,0.09630851880276285,0.5693399846508057,0.3343514965464313
553,0.1419624309692965,0.7287155367957985,0.12932203223490463
554,0.08025709900230238,0.6411166538756715,0.2786262471220261
555,0.010871143752182132,0.8511682351717721,0.13796062107604354
556,0.10559702432102822,0.7803104472903717,0.1140925283886009
557,0.6718944706640186,0.2732938085906647,0.054811720745316664
558,0.01741571328872217,0.5029178349897423,0.47966645172153677
559,0.04815425940138142,0.4388366589920695,0.513009081606549
560,0.05350473266820159,0.5755592507319292,0.3709360165998693
561,0.010355754709974511,0.3652500401187221,0.6243942051713038
562,0.10695743595441408,0.8222437962654489,0.07079876778013915
563,0.02602932940615211,0.6853873746178953,0.28858329597595267
564,0.09630851880276285,0.5693399846508057,0.3343514965464313
565,0.02090826248381684,0.6848506920819264,0.2942410454342577
566,0.020987414655009213,0.26823430961548916,0.7107782757295029
567,0.2252938880637759,0.6805488819966002,0.09415722993962304
568,0.034891581102367016,0.4712793700403672,0.4938290488572654
569,0.07346314486529715,0.6720730846642071,0.2544637704704955
570,0.15309456809073077,0.5628933231005371,0.284012108808732
571,0.03253350329616122,0.8628117536603109,0.104654743043529
572,0.12118463913549359,0.7934840522883455,0.08533130857616103
573,0.022397329954130903,0.7612997100287701,0.2163029600170987
574,0.06039998363836351,0.5270890847677914,0.4125109315938503
575,0.09732018645164103,0.8428764500242711,0.059803363524092636
576,0.027516719657932235,0.8139724219183709,0.158510858423697
577,0.08025709900230238,0.5577833205423381,0.3619595804553595
578,0.05665206988397815,0.6927490105789053,0.2505989195371165
579,0.034395899572415296,0.7678693894089682,0.1977347110186163
580,0.06466644990805022,0.7986850176943056,0.13664853239764502
581,0.022110373451424813,0.3876221891136982,0.5902674374348783
582,0.018993392951194506,0.12738961072033753,0.8536169963284668
583,0.043715102272864306,0.6715593972109996,0.2847255005161358
584,0.027286192272830162,0.4508175437136906,0.5218962640134797
585,0.0642056792018419,0.6628933231005372,0.27290099769762094
586,0.012841135840368388,0.5713275637069295,0.41583130045270245
587,0.038523407521105155,0.2277359938603224,0.7337405986185724
588,0.021961014691049344,0.8033618989569937,0.17467708635195608
589,0.02469449200070842,0.6846067300710432,0.29069877792824844
590,0.02918439963720087,0.7292236175355088,0.24159198282729002
591,0.18451536238222221,0.6994256974353903,0.11605894018238656
592,0.3668630448277895,0.5297623646939209,0.10337459047829059
593,0.04187326904467949,0.7250753556452778,0.23305137531004266
594,0.04586119942988708,0.5962276570899528,0.35791114348016007
595,0.022397329954130903,0.6285783705111195,0.3490242995347495
596,0.024979007573215705,0.33668373710282823,0.6383372553239554
597,0.03453830040139768,0.4932943939946726,0.47216730560392844
598,0.03034708324762163,0.8256995429352862,0.1439533738170906
599,0.09630851880276285,0.5693399846508057,0.3343514965464313
600,0.008231497333569458,0.31354362008728,0.6782248825791504
601,0.07043443987675249,0.8057316725134581,0.12383388760978935
602,0.19081731279808664,0.5176687363103988,0.2915139508915146
603,0.10203702145603817,0.6059028774990981,0.29206010104486674
604,0.02469449200070842,0.80236362885096,0.17294187914833173
605,0.043742650952710654,0.7514434221046087,0.20481392694267844
606,0.1046371026654121,0.7743762505805054,0.1209866467540825
607,0.02602932940615211,0.7237410834979201,0.2502295870959278
608,0.13014023581943762,0.6648515081746086,0.20500825600595365
609,0.04586119942988708,0.5835481408390081,0.3705906597311049
610,0.15783155124957443,0.6379984881620783,0.2041699605883473
611,0.015962205678949182,0.5477927119138858,0.43624508240716403
612,0.07408347600212527,0.6687230651160044,0.25719345888187023
613,0.008778954373916308,0.7473891403424109,0.24383190528367318
614,0.038523407521105155,0.671325737450066,0.2901508550288289
615,0.02407712970069072,0.7960668802206725,0.17985599007863684
616,0.012305683082384574,0.5063695011900591,0.48132481572755803
617,0.007455380562182002,0.06920215101883828,0.9233424684189813
618,0.01003213737528782,0.088574581500519,0.9013932811241934
619,0.3676595833153058,0.46065282491594567,0.17168759176874912
620,0.04012854950115119,0.728807485186994,0.23106396531185477
621,0.42462433052288834,0.48111449615761126,0.0942611733194989
622,0.15080489288658874,0.5858808609707366,0.2633142461426749
623,0.02602932940615211,0.4674038736424034,0.5065667969514446
624,0.030425492648297577,0.7292032750407137,0.2403712323109896
625,0.013758359828966117,0.8843056876955374,0.10193595247549578
626,0.01976973451314082,0.3800541332511238,0.6001761322357358
628,0.20057963785338095,0.7344462970611113,0.06497406508550851
629,0.01775533250587308,0.8500866869042493,0.13215798058987882
630,0.07377766798197773,0.653213373397154,0.273008958620868
631,0.08999579868894826,0.6773810209944214,0.2326231803166303
632,0.08025709900230238,0.47444998720900483,0.4452929137886928
633,0.0687917991448306,0.6923857033220041,0.23882249753316523
634,0.3569852359902447,0.5916594180150024,0.051355345994753124
635,0.05665206988397815,0.5192195988141994,0.4241283313018224
636,0.008231497333569458,0.6857699532622734,0.30599854940415844
637,0.09630851880276285,0.5693399846508057,0.3343514965464313
638,0.013188649692610748,0.6221171516538506,0.3646941986535362
639,0.026586270428010515,0.5854648582772861,0.38794887129470174
640,0.02157327050705472,0.6378610057124252,0.34056572378052125
641,0.014122403991338529,0.13885877427708668,0.8470188217315744
642,0.09458283082995284,0.3864557066111172,0.51896146255893
643,0.057090414845966594,0.8077540586316859,0.13515552652234752
644,0.15826663743010633,0.5364058115784899,0.3053275509914037
645,0.011081796109445818,0.7134194496545776,0.27549875423597575
646,0.05350473266820159,0.6099507851234636,0.3365444822083349
647,0.016323477763180133,0.2537723084498831,0.7299042137869369
648,0.007829960878273392,0.06950756926279354,0.9226624698589319
649,0.04926824848639885,0.681780995875873,0.2689507556377281
650,0.03210283960092096,0.6796408965092098,0.2882562638898695
